10+5

25-9

(5*10)/4

0/0

1/0

Suma1 <- 64+7
Suma1
Suma1+8

Resta1 <- 41-32
Resta1
Resta1-2

Suma1*Resta1
